0 0.06640625 0.17578125 0.11328125 0.06640625
0 0.20859375 0.1734375 0.11640625 0.06484375
0 0.51484375 0.16484375 0.1296875 0.084375
0 0.659375 0.31640625 0.1796875 0.05234375
0 0.7453125 0.78125 0.34609375 0.22734375
0 0.78984375 0.95234375 0.3734375 0.09453125
0 0.69609375 0.49765625 0.2703125 0.165625
0 0.68203125 0.3875 0.21484375 0.09765625
0 0.04765625 0.83828125 0.0921875 0.18359375
0 0.07265625 0.6625 0.14453125 0.16015625
0 0.10546875 0.54609375 0.2 0.13359375
0 0.146875 0.4578125 0.22578125 0.12265625
0 0.18828125 0.36015625 0.2296875 0.1390625
0 0.2421875 0.28125 0.1515625 0.07578125
0 0.2703125 0.2328125 0.14609375 0.07578125