0 0.47890625 0.71015625 0.184375 0.13828125
0 0.471875 0.6234375 0.14375 0.1
0 0.45078125 0.5609375 0.1359375 0.08515625
0 0.4234375 0.51484375 0.096875 0.059375
0 0.41015625 0.48203125 0.0984375 0.040625
0 0.41953125 0.45703125 0.096875 0.0453125
0 0.415625 0.43203125 0.075 0.02265625
0 0.1875 0.434375 0.115625 0.046875
0 0.16796875 0.45546875 0.09609375 0.04296875
0 0.13984375 0.48984375 0.1375 0.053125
0 0.09609375 0.5265625 0.17578125 0.06171875
0 0.07890625 0.58125 0.1515625 0.078125
0 0.04609375 0.64921875 0.0921875 0.08828125
0 0.03125 0.73828125 0.059375 0.10234375