0 0.50859375 0.73671875 0.19296875 0.12421875
0 0.915625 0.77265625 0.159375 0.10546875
0 0.8515625 0.68984375 0.15 0.10234375
0 0.78515625 0.61171875 0.1078125 0.08515625
0 0.709375 0.571875 0.096875 0.06171875
0 0.6953125 0.52890625 0.0828125 0.065625
0 0.6625 0.50546875 0.0875 0.05390625
0 0.784375 0.53046875 0.08359375 0.06328125
0 0.82421875 0.5671875 0.08671875 0.06875
0 0.878125 0.61484375 0.096875 0.07265625
0 0.94375 0.6671875 0.10859375 0.08984375
0 0.9796875 0.75078125 0.040625 0.10546875
0 0.40625 0.415625 0.071875 0.03828125
0 0.49453125 0.63984375 0.12890625 0.09375
0 0.4703125 0.5875 0.1125 0.0765625
0 0.46328125 0.53828125 0.11015625 0.0625
0 0.45078125 0.50703125 0.08984375 0.04140625
0 0.45 0.4796875 0.090625 0.04609375
0 0.4390625 0.45859375 0.07734375 0.03671875
0 0.04375 0.84375 0.08125 0.134375
0 0.065625 0.71953125 0.1234375 0.103125
0 0.09140625 0.63984375 0.17890625 0.09453125
0 0.125 0.58125 0.15390625 0.08671875
0 0.14375 0.53046875 0.146875 0.05859375
0 0.18515625 0.4953125 0.12265625 0.0625
0 0.1984375 0.46015625 0.13046875 0.06015625
0 0.24375 0.43984375 0.10390625 0.06015625