0 0.303125 0.5046875 0.1390625 0.09296875
0 0.47890625 0.74375 0.19765625 0.146875
0 0.5421875 0.81328125 0.19296875 0.16328125
0 0.74375 0.50390625 0.1046875 0.07890625
0 0.69453125 0.4765625 0.1 0.06953125
0 0.64765625 0.4546875 0.09765625 0.0796875
0 0.61796875 0.4328125 0.07890625 0.0671875
0 0.58125 0.41484375 0.08828125 0.0671875
0 0.1078125 0.46875 0.11640625 0.05859375
0 0.10625 0.421875 0.10390625 0.04375
0 0.190625 0.378125 0.10234375 0.05390625
0 0.16171875 0.35546875 0.0875 0.03515625
0 0.06953125 0.359375 0.09375 0.053125