0 0.69140625 0.85859375 0.23984375 0.178125
0 0.475 0.67734375 0.16953125 0.1125
0 0.46328125 0.5953125 0.14453125 0.0875
0 0.44921875 0.52734375 0.13203125 0.08671875
0 0.4328125 0.45859375 0.096875 0.0625
0 0.10546875 0.32890625 0.11484375 0.06171875
0 0.18984375 0.3875 0.12265625 0.053125
0 0.16875 0.41796875 0.125 0.06875
0 0.12890625 0.4703125 0.13515625 0.06484375
0 0.0953125 0.52421875 0.18515625 0.07265625
0 0.0890625 0.58046875 0.178125 0.08359375
0 0.05078125 0.6671875 0.0984375 0.09140625