0 0.61796875 0.465625 0.08671875 0.05546875
0 0.43203125 0.69296875 0.15703125 0.10859375
0 0.7265625 0.58515625 0.11015625 0.084375
0 0.853125 0.63203125 0.103125 0.084375
0 0.8265625 0.7203125 0.1453125 0.1109375
0 0.89765625 0.82890625 0.14765625 0.14921875
0 0.4046875 0.39921875 0.0890625 0.040625
0 0.415625 0.42890625 0.08828125 0.046875
0 0.40703125 0.45390625 0.09453125 0.0375
0 0.4234375 0.48984375 0.1140625 0.06640625
0 0.41875 0.53828125 0.121875 0.0625
0 0.41328125 0.60078125 0.16171875 0.0875
0 0.2625 0.33828125 0.08125 0.059375
0 0.16796875 0.378125 0.1140625 0.0546875
0 0.13828125 0.39765625 0.121875 0.0375
0 0.1125 0.42265625 0.1546875 0.05625
0 0.08125 0.465625 0.14375 0.065625
0 0.07109375 0.51328125 0.125 0.08046875
0 0.04296875 0.57109375 0.075 0.08359375