0 0.6609375 0.56796875 0.10234375 0.06171875
0 0.80859375 0.7390625 0.1390625 0.11875
0 0.896875 0.8515625 0.175 0.16484375
0 0.7109375 0.534375 0.07421875 0.06796875
0 0.60859375 0.50703125 0.0875 0.06171875
0 0.39453125 0.45234375 0.08125 0.04140625
0 0.38203125 0.47109375 0.08046875 0.0375
0 0.39296875 0.49609375 0.1109375 0.04921875
0 0.4 0.5359375 0.1171875 0.05390625
0 0.41484375 0.58046875 0.12578125 0.07734375
0 0.428125 0.640625 0.146875 0.08359375
0 0.4484375 0.73515625 0.1625 0.14140625
0 0.03671875 0.3671875 0.0734375 0.05390625
0 0.134375 0.43203125 0.13046875 0.046875
0 0.11171875 0.45234375 0.1203125 0.04140625
0 0.10078125 0.490625 0.1578125 0.046875
0 0.07421875 0.51953125 0.1375 0.04921875
0 0.0640625 0.58359375 0.128125 0.08828125
0 0.03125 0.64296875 0.06015625 0.078125