0 0.91875 0.75 0.16171875 0.10703125
0 0.8359375 0.67109375 0.1484375 0.08359375
0 0.759375 0.575 0.1 0.065625
0 0.725 0.53515625 0.1078125 0.05078125
0 0.540625 0.778125 0.184375 0.12578125
0 0.53359375 0.68046875 0.1359375 0.08984375
0 0.5015625 0.61484375 0.125 0.071875
0 0.496875 0.56171875 0.109375 0.059375
0 0.48984375 0.525 0.0796875 0.04453125
0 0.49375 0.5 0.07578125 0.02421875
0 0.4890625 0.484375 0.0828125 0.04453125
0 0.29921875 0.4703125 0.0625 0.04375
0 0.26640625 0.48203125 0.1 0.05
0 0.25390625 0.52265625 0.1 0.05859375
0 0.20390625 0.58984375 0.1421875 0.06875
0 0.159375 0.64296875 0.1734375 0.07578125
0 0.1078125 0.7140625 0.2125 0.10625
0 0.071875 0.85390625 0.14375 0.15703125
0 0.015625 0.40703125 0.03125 0.046875