0 0.7484375 0.54921875 0.09609375 0.06171875
0 0.89140625 0.68671875 0.17421875 0.103125
0 0.93671875 0.771875 0.1265625 0.13671875
0 0.9796875 0.87421875 0.040625 0.09375
0 0.94296875 0.63046875 0.1140625 0.090625
0 0.56875 0.784375 0.178125 0.12421875
0 0.54765625 0.684375 0.15234375 0.08671875
0 0.546875 0.61953125 0.128125 0.06484375
0 0.528125 0.575 0.1 0.05546875
0 0.51640625 0.53984375 0.096875 0.05234375
0 0.51015625 0.5125 0.0921875 0.046875
0 0.50234375 0.4890625 0.08828125 0.04609375
0 0.1421875 0.42421875 0.08203125 0.04765625
0 0.296875 0.50078125 0.0859375 0.03671875
0 0.28125 0.52421875 0.103125 0.04453125
0 0.25625 0.54921875 0.11953125 0.04765625
0 0.221875 0.5875 0.1359375 0.05703125
0 0.19140625 0.64765625 0.16953125 0.08203125
0 0.13046875 0.7171875 0.22578125 0.09765625
0 0.08359375 0.82734375 0.1625 0.12578125
0 0.04921875 0.95234375 0.0953125 0.06171875