0 0.31015625 0.52890625 0.12890625 0.07265625
0 0.5140625 0.496875 0.0890625 0.07890625
0 0.66484375 0.50703125 0.0953125 0.0640625
0 0.70625 0.534375 0.09921875 0.07109375
0 0.75390625 0.54453125 0.1109375 0.09375
0 0.81015625 0.578125 0.11015625 0.0875
0 0.86796875 0.61953125 0.10546875 0.090625
0 0.5453125 0.8609375 0.20859375 0.18125
0 0.4859375 0.78046875 0.2015625 0.13359375
0 0.45234375 0.721875 0.17109375 0.121875
0 0.13359375 0.475 0.12265625 0.06015625
0 0.1296875 0.4484375 0.12265625 0.05