0 0.821875 0.74375 0.1484375 0.08671875
0 0.6953125 0.60859375 0.0875 0.0703125
0 0.8203125 0.6359375 0.103125 0.06484375
0 0.8796875 0.6734375 0.12109375 0.06484375
0 0.94296875 0.73203125 0.1140625 0.09375
0 0.4953125 0.77421875 0.15859375 0.1140625
0 0.484375 0.70078125 0.13828125 0.07109375
0 0.47265625 0.61953125 0.1 0.05390625
0 0.47265625 0.59140625 0.0875 0.0453125
0 0.2625 0.56640625 0.09296875 0.0453125
0 0.14296875 0.696875 0.16171875 0.08203125
0 0.08828125 0.76953125 0.1734375 0.11640625