0 0.60625 0.415625 0.09296875 0.0609375
0 0.71171875 0.4828125 0.10546875 0.06875
0 0.75546875 0.509375 0.10390625 0.06953125
0 0.56640625 0.8234375 0.20390625 0.17421875
0 0.5109375 0.746875 0.1796875 0.1515625
0 0.453125 0.684375 0.15703125 0.11015625
0 0.40859375 0.63125 0.15703125 0.08359375
0 0.38515625 0.590625 0.15234375 0.08203125
0 0.3578125 0.5453125 0.16015625 0.0765625
0 0.13203125 0.459375 0.12109375 0.0625
0 0.1296875 0.41953125 0.103125 0.034375
0 0.1234375 0.396875 0.1046875 0.04453125
0 0.2140625 0.37578125 0.0875 0.0390625
0 0.1015625 0.36328125 0.09765625 0.0375
0 0.09609375 0.3453125 0.08828125 0.02421875
0 0.01796875 0.259375 0.02578125 0.021875
0 0.01328125 0.28203125 0.01796875 0.0234375