0 0.91328125 0.70234375 0.1296875 0.096875
0 0.83046875 0.6484375 0.10078125 0.084375
0 0.771875 0.61953125 0.121875 0.09296875
0 0.72265625 0.5734375 0.10703125 0.08203125
0 0.6734375 0.56171875 0.09296875 0.0625
0 0.6390625 0.528125 0.0921875 0.07265625
0 0.5921875 0.5171875 0.08046875 0.0625
0 0.56875 0.4875 0.09609375 0.053125
0 0.51796875 0.90234375 0.2296875 0.1921875
0 0.46640625 0.81796875 0.1828125 0.14296875
0 0.4140625 0.7640625 0.159375 0.13125
0 0.3734375 0.71015625 0.1796875 0.09375
0 0.35234375 0.6640625 0.146875 0.07734375
0 0.3203125 0.628125 0.12578125 0.0671875
0 0.29765625 0.58828125 0.12265625 0.0640625
0 0.27421875 0.5609375 0.13125 0.05234375
0 0.25703125 0.5203125 0.109375 0.0453125
0 0.21875 0.4921875 0.12109375 0.0578125
0 0.20703125 0.4703125 0.07109375 0.034375
0 0.20703125 0.45234375 0.07421875 0.0234375
0 0.1796875 0.4453125 0.0734375 0.040625
0 0.16875 0.43125 0.08359375 0.04140625
0 0.159375 0.41015625 0.08203125 0.03515625
0 0.0515625 0.4046875 0.0859375 0.0203125
0 0.05390625 0.428125 0.0859375 0.0234375
0 0.06640625 0.44296875 0.09453125 0.02109375
0 0.06328125 0.4625 0.1125 0.04296875
0 0.0765625 0.46796875 0.10234375 0.0328125
0 0.08828125 0.49140625 0.1171875 0.03515625
0 0.0796875 0.52421875 0.1453125 0.05859375