0 0.53984375 0.771875 0.1625 0.121875
0 0.53125 0.67578125 0.1515625 0.090625
0 0.51640625 0.61484375 0.13203125 0.075
0 0.51171875 0.56328125 0.10078125 0.06171875
0 0.5046875 0.52578125 0.10234375 0.053125
0 0.4984375 0.48984375 0.09921875 0.06328125
0 0.7328125 0.53515625 0.09453125 0.0625
0 0.76015625 0.56953125 0.1109375 0.075
0 0.909375 0.6171875 0.134375 0.09140625
0 0.9234375 0.76328125 0.15234375 0.11640625
0 0.96875 0.884375 0.06171875 0.12578125
0 0.090625 0.81640625 0.1765625 0.13828125
0 0.04296875 0.95546875 0.08515625 0.08203125
0 0.1546875 0.6453125 0.17265625 0.1
0 0.20546875 0.58359375 0.1625 0.0796875
0 0.234375 0.54140625 0.134375 0.06171875
0 0.24609375 0.51015625 0.10390625 0.04453125
0 0.26484375 0.48984375 0.1078125 0.04765625
0 0.29453125 0.46875 0.103125 0.040625