0 0.5390625 0.903125 0.2125 0.19140625
0 0.88671875 0.64609375 0.13359375 0.08828125
0 0.8171875 0.6171875 0.11640625 0.084375
0 0.7640625 0.58203125 0.10859375 0.08203125
0 0.67734375 0.53671875 0.096875 0.05546875
0 0.6390625 0.5125 0.0984375 0.06328125
0 0.5953125 0.48671875 0.09921875 0.0625
0 0.278125 0.52421875 0.10703125 0.05859375
0 0.2609375 0.4921875 0.128125 0.06171875
0 0.1921875 0.41328125 0.084375 0.0453125
0 0.09140625 0.425 0.0953125 0.0328125
0 0.11015625 0.4625 0.11015625 0.053125
0 0.13125 0.4875 0.12109375 0.04296875
0 0.1390625 0.521875 0.1328125 0.07109375
0 0.09453125 0.40078125 0.09375 0.0328125