0 0.78671875 0.61171875 0.1171875 0.09296875
0 0.834375 0.67734375 0.10390625 0.10234375
0 0.9375 0.93203125 0.12421875 0.1359375
0 0.48046875 0.75390625 0.1828125 0.1265625
0 0.4578125 0.66875 0.13984375 0.10078125
0 0.44140625 0.60078125 0.15 0.090625
0 0.44765625 0.553125 0.10859375 0.06796875
0 0.4296875 0.496875 0.09296875 0.06328125
0 0.4359375 0.46796875 0.08671875 0.05
0 0.17734375 0.37421875 0.08671875 0.06171875
0 0.2 0.43046875 0.1015625 0.05625
0 0.17109375 0.453125 0.12890625 0.075
0 0.10234375 0.51640625 0.1359375 0.07890625
0 0.053125 0.60859375 0.10625 0.10078125