0 0.48828125 0.73046875 0.190625 0.13203125
0 0.8765625 0.62265625 0.125 0.08125
0 0.91875 0.77734375 0.1578125 0.13828125
0 0.96875 0.9203125 0.0625 0.15
0 0.45625 0.58359375 0.13359375 0.08203125
0 0.4453125 0.50859375 0.10078125 0.05625
0 0.44921875 0.475 0.08828125 0.0515625
0 0.44453125 0.446875 0.08828125 0.04921875
0 0.496875 0.35234375 0.01953125 0.0296875
0 0.49921875 0.32734375 0.01953125 0.02421875
0 0.18984375 0.48125 0.12109375 0.059375
0 0.21171875 0.45078125 0.11875 0.053125
0 0.11484375 0.55390625 0.1796875 0.08125
0 0.08359375 0.61875 0.16640625 0.06953125
0 0.06484375 0.69296875 0.125 0.08671875
0 0.0328125 0.80859375 0.06328125 0.103125
0 0.0734375 0.37421875 0.10546875 0.046875