0 0.5171875 0.8828125 0.20390625 0.15859375
0 0.95234375 0.78984375 0.0953125 0.11953125
0 0.90625 0.73046875 0.12734375 0.08203125
0 0.8453125 0.67734375 0.1296875 0.07734375
0 0.72421875 0.63359375 0.1140625 0.07890625
0 0.48671875 0.69609375 0.11953125 0.0875
0 0.4890625 0.64765625 0.115625 0.05546875
0 0.48125 0.60859375 0.090625 0.05625
0 0.478125 0.58671875 0.096875 0.04765625
0 0.48125 0.55703125 0.0875 0.0453125
0 0.28671875 0.53125 0.075 0.03203125
0 0.2671875 0.56171875 0.09609375 0.05625
0 0.20546875 0.6015625 0.15703125 0.09140625
0 0.0765625 0.79140625 0.14921875 0.12421875
0 0.03671875 0.90625 0.06640625 0.12578125
0 0.021875 0.45546875 0.04375 0.04609375