0 0.9296875 0.63671875 0.1265625 0.096875
0 0.76015625 0.53359375 0.10546875 0.0703125
0 0.54609375 0.7828125 0.18828125 0.1390625
0 0.609375 0.86953125 0.209375 0.1625
0 0.3265625 0.50078125 0.1125 0.0515625
0 0.2703125 0.43359375 0.08125 0.0390625
0 0.26328125 0.409375 0.0859375 0.02890625
0 0.1546875 0.3890625 0.06875 0.0203125
0 0.165625 0.4046875 0.08125 0.025
0 0.1625 0.42265625 0.07578125 0.03671875
0 0.17421875 0.4453125 0.0859375 0.02421875
0 0.1859375 0.47578125 0.103125 0.046875
0 0.0828125 0.3171875 0.028125 0.02578125