0 0.571875 0.7265625 0.190625 0.15546875
0 0.5046875 0.65546875 0.17265625 0.1578125
0 0.45703125 0.60625 0.16328125 0.10859375
0 0.43515625 0.5515625 0.15390625 0.1
0 0.40390625 0.5203125 0.14453125 0.09296875
0 0.38046875 0.4796875 0.12734375 0.0609375
0 0.35546875 0.45078125 0.11875 0.06953125
0 0.33359375 0.421875 0.1171875 0.06640625
0 0.3078125 0.37734375 0.10703125 0.04765625
0 0.28984375 0.35625 0.10078125 0.0453125
0 0.2359375 0.309375 0.1046875 0.05390625
0 0.61171875 0.3359375 0.0875 0.07109375
0 0.6390625 0.3640625 0.084375 0.06171875
0 0.68828125 0.38125 0.0953125 0.08359375
0 0.72734375 0.4046875 0.10234375 0.06796875
0 0.7765625 0.43046875 0.1140625 0.084375
0 0.83203125 0.4546875 0.12109375 0.09921875
0 0.89375 0.49765625 0.12578125 0.12265625
0 0.15078125 0.3734375 0.1125 0.0640625
0 0.13359375 0.3515625 0.109375 0.05625
0 0.13046875 0.33359375 0.1125 0.0546875
0 0.12421875 0.30234375 0.10078125 0.04375
0 0.1125 0.28359375 0.09140625 0.02421875
0 0.1140625 0.27890625 0.07421875 0.02890625
0 0.10078125 0.26953125 0.08359375 0.03984375