0 0.61484375 0.52421875 0.08203125 0.0625
0 0.81953125 0.7546875 0.146875 0.1203125
0 0.92578125 0.84609375 0.14765625 0.16796875
0 0.396875 0.47890625 0.0765625 0.0265625
0 0.40234375 0.503125 0.0875 0.040625
0 0.41328125 0.53046875 0.0921875 0.03828125
0 0.41875 0.565625 0.109375 0.05
0 0.428125 0.6109375 0.1296875 0.0875
0 0.4390625 0.67265625 0.1375 0.10859375
0 0.45078125 0.7734375 0.165625 0.1453125
0 0.04296875 0.703125 0.0765625 0.10859375
0 0.06796875 0.43125 0.10859375 0.05078125
0 0.1515625 0.4796875 0.11953125 0.04609375
0 0.1453125 0.50703125 0.10234375 0.05234375
0 0.090625 0.53203125 0.16640625 0.06171875
0 0.07734375 0.56796875 0.14765625 0.05078125
0 0.0734375 0.62109375 0.1359375 0.0765625