0 0.08046875 0.35078125 0.1078125 0.0546875
0 0.62578125 0.475 0.08203125 0.06328125
0 0.825 0.7 0.134375 0.10703125
0 0.9234375 0.80703125 0.153125 0.14453125
0 0.4734375 0.70234375 0.18125 0.12578125
0 0.4515625 0.61171875 0.13828125 0.1
0 0.434375 0.54296875 0.134375 0.0703125
0 0.43359375 0.50546875 0.10390625 0.05234375
0 0.42421875 0.475 0.09140625 0.04453125
0 0.415625 0.446875 0.0859375 0.04140625
0 0.40703125 0.421875 0.08125 0.03828125
0 0.16796875 0.409375 0.11484375 0.053125
0 0.1609375 0.43359375 0.09765625 0.059375
0 0.10859375 0.45546875 0.15859375 0.07265625
0 0.10234375 0.49453125 0.15 0.0625
0 0.08125 0.55234375 0.1625 0.08515625
0 0.05625 0.61640625 0.1125 0.090625
0 0.028125 0.70390625 0.0515625 0.0890625