0 0.07578125 0.3390625 0.09140625 0.053125
0 0.2515625 0.40390625 0.10546875 0.06328125
0 0.08671875 0.40625 0.10390625 0.0625
0 0.1109375 0.41015625 0.115625 0.04765625
0 0.1234375 0.45 0.11171875 0.05859375
0 0.29453125 0.48515625 0.13359375 0.07265625
0 0.3421875 0.5359375 0.140625 0.07265625
0 0.36953125 0.58125 0.1453125 0.1
0 0.40859375 0.6171875 0.1609375 0.11875
0 0.45234375 0.66796875 0.18671875 0.13203125
0 0.4859375 0.73515625 0.1828125 0.14296875
0 0.853125 0.55625 0.10703125 0.096875
0 0.79296875 0.51875 0.13046875 0.0921875
0 0.73984375 0.49140625 0.11640625 0.0796875
0 0.69296875 0.478125 0.09609375 0.0703125
0 0.6515625 0.453125 0.09921875 0.06484375