0 0.5296875 0.815625 0.19140625 0.14296875
0 0.91328125 0.76640625 0.17265625 0.115625
0 0.8375 0.590625 0.1015625 0.0703125
0 0.7421875 0.59609375 0.103125 0.05625
0 0.71328125 0.55546875 0.103125 0.065625
0 0.49921875 0.71171875 0.15234375 0.09296875
0 0.49609375 0.63828125 0.1359375 0.078125
0 0.49375 0.565625 0.096875 0.05703125
0 0.4640625 0.52109375 0.071875 0.04921875
0 0.1015625 0.77890625 0.20078125 0.11328125
0 0.11875 0.684375 0.16015625 0.121875
0 0.1640625 0.63359375 0.153125 0.075
0 0.19296875 0.58984375 0.13359375 0.06484375
0 0.23984375 0.56015625 0.1140625 0.05234375
0 0.26953125 0.51796875 0.11484375 0.0625
0 0.30625 0.5 0.0640625 0.034375
0 0.1875 0.4640625 0.0796875 0.04375
0 0.03515625 0.45390625 0.06953125 0.0453125