0 0.55234375 0.73828125 0.18515625 0.128125
0 0.528125 0.6515625 0.14375 0.08359375
0 0.521875 0.5796875 0.1265625 0.0703125
0 0.5109375 0.53671875 0.11171875 0.04140625
0 0.5125 0.50078125 0.09921875 0.04453125
0 0.71328125 0.48046875 0.08828125 0.04765625
0 0.7421875 0.5140625 0.09140625 0.05234375
0 0.77109375 0.54609375 0.10546875 0.05625
0 0.81171875 0.59140625 0.11875 0.07109375
0 0.87734375 0.64609375 0.15078125 0.0734375
0 0.9328125 0.725 0.134375 0.1015625
0 0.975 0.81484375 0.04921875 0.0546875
0 0.8734375 0.54921875 0.11171875 0.065625
0 0.1796875 0.39765625 0.07890625 0.0375
0 0.290625 0.44609375 0.0875 0.0390625
0 0.27109375 0.4609375 0.09921875 0.03984375
0 0.26484375 0.4859375 0.10625 0.04375
0 0.25 0.5109375 0.11875 0.04765625
0 0.22890625 0.5390625 0.11796875 0.075
0 0.19453125 0.609375 0.16796875 0.0703125
0 0.13359375 0.684375 0.2109375 0.09921875
0 0.090625 0.79453125 0.18046875 0.13359375
0 0.040625 0.8953125 0.08125 0.03515625
0 0.02265625 0.384375 0.0453125 0.04296875