0 0.553125 0.50078125 0.09609375 0.06015625
0 0.628125 0.54375 0.1109375 0.090625
0 0.71328125 0.5953125 0.0984375 0.07265625
0 0.7671875 0.62265625 0.1171875 0.09453125
0 0.83359375 0.6625 0.1140625 0.10234375
0 0.5203125 0.9125 0.21015625 0.175
0 0.45703125 0.83671875 0.18671875 0.1578125
0 0.3921875 0.7796875 0.19296875 0.1203125
0 0.36953125 0.7125 0.1609375 0.09921875
0 0.33203125 0.67890625 0.14375 0.10546875
0 0.2859375 0.6140625 0.12578125 0.0734375
0 0.2625 0.58203125 0.13359375 0.0625
0 0.21484375 0.5203125 0.1171875 0.0625
0 0.15703125 0.44296875 0.0859375 0.04921875
0 0.04609375 0.4296875 0.08515625 0.04140625
0 0.0546875 0.453125 0.10390625 0.04765625
0 0.04921875 0.47578125 0.08046875 0.03203125
0 0.0671875 0.4890625 0.1140625 0.04609375
0 0.078125 0.5 0.1109375 0.03671875
0 0.071875 0.5390625 0.121875 0.06875