0 0.2296875 0.49375 0.10234375 0.05625
0 0.29140625 0.425 0.06328125 0.05390625
0 0.290625 0.5765625 0.1296875 0.06953125
0 0.33359375 0.64140625 0.13046875 0.07734375
0 0.35859375 0.67265625 0.134375 0.05625
0 0.38203125 0.73203125 0.15859375 0.09140625
0 0.4421875 0.75703125 0.15390625 0.08671875
0 0.47578125 0.83515625 0.1859375 0.13359375
0 0.5109375 0.9171875 0.2 0.1625
0 0.1203125 0.53828125 0.13125 0.05234375
0 0.10859375 0.50078125 0.11015625 0.034375
0 0.10234375 0.48203125 0.1125 0.046875
0 0.08515625 0.46328125 0.11875 0.0484375
0 0.08359375 0.42109375 0.096875 0.0234375
0 0.0734375 0.41015625 0.08515625 0.0265625
0 0.5859375 0.515625 0.0890625 0.0625
0 0.61640625 0.5359375 0.0890625 0.0671875
0 0.65390625 0.56171875 0.08828125 0.0671875
0 0.69296875 0.58515625 0.09453125 0.0609375
0 0.740625 0.61171875 0.1171875 0.07734375
0 0.79140625 0.64609375 0.1078125 0.090625
0 0.86171875 0.67890625 0.1203125 0.1078125
0 0.93359375 0.7265625 0.13203125 0.134375