0 0.60546875 0.43984375 0.10625 0.06640625
0 0.70546875 0.50546875 0.11640625 0.07578125
0 0.7609375 0.5359375 0.11171875 0.08203125
0 0.82578125 0.55859375 0.1234375 0.08671875
0 0.89765625 0.61171875 0.1421875 0.1015625
0 0.559375 0.85 0.228125 0.16953125
0 0.51328125 0.759375 0.1796875 0.13515625
0 0.46171875 0.69375 0.165625 0.13671875
0 0.41953125 0.646875 0.13359375 0.09609375
0 0.31015625 0.51796875 0.1390625 0.07578125
0 0.1234375 0.45546875 0.11328125 0.0515625
0 0.11640625 0.41484375 0.1015625 0.040625
0 0.096875 0.4 0.08984375 0.0375
0 0.10234375 0.37578125 0.0796875 0.0375
0 0.10390625 0.3671875 0.10390625 0.0296875