0 0.6484375 0.49609375 0.09375 0.0625
0 0.4953125 0.68515625 0.14765625 0.096875
0 0.4515625 0.60546875 0.15703125 0.09140625
0 0.45234375 0.54453125 0.13515625 0.08359375
0 0.43046875 0.49609375 0.1234375 0.0703125
0 0.43515625 0.45859375 0.1078125 0.0640625
0 0.425 0.43125 0.0984375 0.04296875
0 0.41875 0.40703125 0.09296875 0.04921875
0 0.06640625 0.56015625 0.12890625 0.09453125
0 0.09375 0.4953125 0.1828125 0.0875
0 0.15546875 0.42109375 0.12265625 0.07265625
0 0.1671875 0.39375 0.14296875 0.06328125
0 0.18125 0.36953125 0.109375 0.06484375