0 0.05234375 0.6015625 0.10390625 0.08125
0 0.18203125 0.6515625 0.1015625 0.0703125
0 0.06015625 0.778125 0.1203125 0.15
0 0.153125 0.778125 0.0625 0.1421875
0 0.11796875 0.85546875 0.00546875 0.0125
0 0.17421875 0.8015625 0.0921875 0.175
0 0.27890625 0.8078125 0.09453125 0.1765625
0 0.3890625 0.8109375 0.13125 0.17890625
0 0.50234375 0.82109375 0.1203125 0.1890625
0 0.6296875 0.82578125 0.10390625 0.21640625
0 0.7875 0.8546875 0.1234375 0.26328125
0 0.875 0.68359375 0.12421875 0.15859375
0 0.6625 0.67109375 0.08125 0.1265625
0 0.571875 0.66328125 0.07578125 0.1265625
0 0.48125 0.6625 0.06796875 0.128125
0 0.39609375 0.64296875 0.08125 0.15
0 0.30625 0.66875 0.08828125 0.10078125