0 0.08046875 0.36328125 0.15 0.084375
0 0.25546875 0.31484375 0.04609375 0.084375
0 0.28828125 0.20390625 0.040625 0.06875
0 0.6515625 0.36953125 0.121875 0.0828125
0 0.178125 0.45625 0.17734375 0.06484375
0 0.19375 0.49765625 0.20859375 0.10078125
0 0.2171875 0.628125 0.20703125 0.08125
0 0.2171875 0.71484375 0.30390625 0.175
0 0.234375 0.84296875 0.32890625 0.20390625
0 0.30234375 0.9203125 0.353125 0.15703125
0 0.8765625 0.81171875 0.20390625 0.1265625
0 0.79140625 0.68984375 0.18359375 0.12109375
0 0.715625 0.61328125 0.15390625 0.10859375
0 0.659375 0.5546875 0.1390625 0.103125
0 0.615625 0.50234375 0.15 0.084375
0 0.76015625 0.48359375 0.12734375 0.09765625
0 0.86171875 0.584375 0.12421875 0.0796875
0 0.9421875 0.63515625 0.1125 0.11875
0 0.978125 0.74453125 0.04375 0.08671875