0 0.75703125 0.8734375 0.39453125 0.22578125
0 0.69375 0.68828125 0.2734375 0.1390625
0 0.690625 0.56640625 0.2609375 0.13359375
0 0.67578125 0.46796875 0.21640625 0.08828125
0 0.6609375 0.35625 0.16640625 0.0953125
0 0.6484375 0.30546875 0.13671875 0.0484375
0 0.3953125 0.2171875 0.09609375 0.07421875
0 0.578125 0.2234375 0.1125 0.06875
0 0.73984375 0.18203125 0.0484375 0.0828125
0 0.7828125 0.0546875 0.0375 0.05625
0 0.04765625 0.85390625 0.09453125 0.20390625
0 0.08359375 0.67890625 0.1625 0.15
0 0.11171875 0.57109375 0.2234375 0.12421875
0 0.15078125 0.484375 0.23125 0.1171875
0 0.1875 0.4171875 0.190625 0.08125
0 0.215625 0.36328125 0.13671875 0.06640625
0 0.25625 0.328125 0.14765625 0.08671875
0 0.29296875 0.2890625 0.14453125 0.07734375