0 0.76015625 0.875 0.384375 0.234375
0 0.69609375 0.69140625 0.2703125 0.128125
0 0.6859375 0.56875 0.25859375 0.13203125
0 0.6703125 0.46953125 0.23125 0.08125
0 0.66484375 0.35859375 0.17421875 0.09765625
0 0.6484375 0.30546875 0.14453125 0.0375
0 0.7375 0.18359375 0.04765625 0.0828125
0 0.778125 0.065625 0.0390625 0.06328125
0 0.57578125 0.23203125 0.11328125 0.08125
0 0.39375 0.22734375 0.103125 0.07578125
0 0.2890625 0.29453125 0.15390625 0.07421875
0 0.2546875 0.33515625 0.16328125 0.0828125
0 0.22109375 0.37890625 0.15 0.071875
0 0.18359375 0.41953125 0.1734375 0.0703125
0 0.15703125 0.49375 0.2296875 0.10859375
0 0.11015625 0.5828125 0.2203125 0.115625
0 0.0828125 0.70546875 0.165625 0.1453125
0 0.04765625 0.859375 0.0953125 0.16875