0 0.39375 0.240625 0.10546875 0.07421875
0 0.575 0.2359375 0.1078125 0.071875
0 0.73359375 0.19765625 0.053125 0.084375
0 0.77109375 0.075 0.0375 0.059375
0 0.75078125 0.87578125 0.39453125 0.2359375
0 0.6921875 0.69765625 0.26796875 0.1265625
0 0.684375 0.571875 0.2625 0.1296875
0 0.66953125 0.471875 0.21328125 0.07421875
0 0.659375 0.3671875 0.17421875 0.09921875
0 0.65703125 0.31796875 0.16796875 0.0375
0 0.29921875 0.303125 0.15703125 0.06875
0 0.27265625 0.346875 0.1421875 0.07734375
0 0.225 0.38828125 0.14453125 0.06640625
0 0.1875 0.43203125 0.1796875 0.07734375
0 0.153125 0.50625 0.221875 0.11015625
0 0.109375 0.59453125 0.21640625 0.11015625
0 0.0828125 0.715625 0.16484375 0.1515625
0 0.04296875 0.88203125 0.08515625 0.16953125