0 0.74921875 0.828125 0.12734375 0.2703125
0 0.60078125 0.825 0.12421875 0.22890625
0 0.28359375 0.80234375 0.16328125 0.19140625
0 0.16953125 0.771875 0.171875 0.1984375
0 0.0515625 0.7359375 0.103125 0.19140625
0 0.29921875 0.6328125 0.1 0.11875
0 0.371875 0.63828125 0.08359375 0.1625
0 0.45546875 0.65390625 0.07265625 0.1421875
0 0.540625 0.63359375 0.08125 0.16796875
0 0.63984375 0.65390625 0.0703125 0.1390625
0 0.74296875 0.646875 0.09609375 0.13515625
0 0.85625 0.66328125 0.1078125 0.14765625
0 0.90703125 0.41875 0.078125 0.11171875