0 0.0546875 0.74453125 0.109375 0.15546875
0 0.16875 0.7625 0.1484375 0.20546875
0 0.28359375 0.79921875 0.1390625 0.1875
0 0.5984375 0.83515625 0.11484375 0.23046875
0 0.75 0.83828125 0.1234375 0.2671875
0 0.853125 0.6734375 0.11640625 0.15703125
0 0.74296875 0.659375 0.09609375 0.128125
0 0.6359375 0.65859375 0.078125 0.1296875
0 0.53984375 0.63984375 0.09296875 0.15546875
0 0.45 0.653125 0.08828125 0.115625
0 0.3734375 0.64765625 0.08359375 0.13359375
0 0.28515625 0.64375 0.08671875 0.10078125
0 0.9078125 0.4328125 0.08515625 0.09375