0 0.0734375 0.765625 0.109375 0.175
0 0.18046875 0.7828125 0.09609375 0.18046875
0 0.2828125 0.78203125 0.0703125 0.19296875
0 0.38125 0.81484375 0.1078125 0.19140625
0 0.49921875 0.825 0.0921875 0.196875
0 0.6265625 0.825 0.10390625 0.20703125
0 0.78046875 0.86328125 0.14296875 0.2109375
0 0.8671875 0.66484375 0.128125 0.16015625
0 0.65390625 0.6328125 0.090625 0.11875
0 0.5578125 0.6375 0.06328125 0.11328125
0 0.475 0.6515625 0.06796875 0.11015625
0 0.39453125 0.6390625 0.06328125 0.10625
0 0.3015625 0.63203125 0.0890625 0.08125
0 0.1765625 0.63203125 0.12578125 0.0703125